3.651579
2.429854
3.614592
3.731485
4.147636
3.921140
4.032462
3.085669
3.238574
3.789452
5.277010
3.670172
3.458020
2.195862
3.068186
3.035992
3.645607
3.059770
3.539626
2.435459
2.765729
3.124057
4.761142
3.539626
2.943803
2.097077
2.202111
3.164665
3.437493
2.842331
3.001422
2.162632
3.011313
3.073343
4.276834
2.703204
3.639847
2.632282
3.425285
4.408077
4.844069
3.368895
3.788718
2.865377
3.802154
3.784471
5.721158
3.442422
2.020556
1.243445
1.695647
2.767047
2.154077
2.444646
1.814827
1.746147
2.364066
1.842136
3.402280
1.449136
3.248304
2.176885
3.565272
3.697254
3.599548
3.421381
3.200552
2.224999
3.508340
3.556537
4.998412
2.968590
3.851668
2.303545
3.357481
3.735434
4.256026
3.319741
3.800261
2.748253
3.245699
3.509069
5.561361
3.632932
3.723284
2.685516
3.541617
4.302014
4.969748
3.297465
4.511829
3.458230
3.453610
4.157559
5.608437
3.502290
3.469996
2.393303
3.726363
4.219993
4.087687
3.963158
3.806584
3.184378
3.756268
4.145003
5.636311
3.262435
3.014698
1.641274
2.679032
2.397352
3.200475
2.612780
3.217446
1.969229
2.171122
2.574912
4.024179
2.939278
3.531294
2.490142
2.352319
3.439512
3.832249
2.768255
3.718001
2.768533
3.188119
3.588283
4.578073
3.400742
2.375987
1.922424
2.786519
2.926866
3.421787
2.211756
3.085449
1.914533
2.506299
2.686893
3.697042
2.197947
